// MilkShape 3D ASCII

Frames: 30
Frame: 1

Meshes: 3
"SketchUp" 1 0
6
1 0.433013 1.189210 -0.250000 0.000000 0.000000 -1
1 -0.433013 1.189210 -0.250000 0.000000 0.000000 -1
1 0.000000 1.189210 -1.000000 0.000000 0.000000 -1
1 0.000000 35.000000 -1.000000 0.000000 0.000000 -1
1 -0.433013 35.000000 -0.250000 0.000000 0.000000 -1
1 0.433013 35.000000 -0.250000 0.000000 0.000000 -1
6
0.612372 -0.707107 0.353553
-0.774597 -0.447214 0.447213
0.433013 -0.500000 -0.750000
-0.433013 0.500000 -0.750000
-0.612372 0.707107 0.353553
0.774597 0.447214 0.447213
8
1 0 1 2 0 1 2 1
1 3 1 4 3 1 4 1
1 1 3 2 1 3 2 1
1 2 5 0 2 5 0 1
1 5 2 3 5 2 3 1
1 5 1 0 5 1 0 1
1 1 5 4 1 5 4 1
1 5 3 4 5 3 4 1
"group_0" 1 0
6
1 7.500000 33.517601 2.431850 0.000000 0.000000 -1
1 -7.500000 33.000000 0.499999 0.000000 0.000000 -1
1 7.500000 33.000000 0.499999 0.000000 0.000000 -1
1 -7.500000 33.517601 2.431850 0.000000 0.000000 -1
1 7.500000 41.451900 -1.764670 0.000000 0.000000 -1
1 -7.500000 41.451900 -1.764670 0.000000 0.000000 -1
1
0.000000 0.000000 0.000000
8
1 0 1 2 0 0 0 1
1 1 0 3 0 0 0 1
1 3 0 1 0 0 0 1
1 2 1 0 0 0 0 1
1 1 4 2 0 0 0 1
1 4 1 5 0 0 0 1
1 5 1 4 0 0 0 1
1 2 4 1 0 0 0 1
"stand_leg" 1 0
33
1 -0.324760 8.153300 -0.471322 0.000000 0.000000 -1
1 0.324760 4.496250 -4.420580 0.000000 0.000000 -1
1 0.324760 8.153300 -0.471322 0.000000 0.000000 -1
1 0.324760 0.000000 -9.276080 0.000000 0.000000 -1
1 -0.324760 0.000000 -9.276080 0.000000 0.000000 -1
1 0.000000 8.566020 -0.853508 0.000000 0.000000 -1
1 0.000000 0.412723 -9.658270 0.000000 0.000000 -1
1 0.000000 4.835970 -4.053710 0.000000 0.000000 -1
1 0.000000 1.189210 -1.000000 0.000000 0.000000 -1
1 0.000000 4.496250 -4.420580 0.000000 0.000000 -1
1 0.000000 1.689210 -1.000000 0.000000 0.000000 -1
1 0.187217 8.153300 -0.233089 0.000000 0.000000 -1
1 -3.557700 4.496250 1.179040 0.000000 0.000000 -1
1 -0.137543 8.153300 -0.795589 0.000000 0.000000 -1
1 -7.762690 0.000000 3.606790 0.000000 0.000000 -1
1 -7.437930 0.000000 4.169290 0.000000 0.000000 -1
1 -0.306146 8.566020 -0.323246 0.000000 0.000000 -1
1 -7.931290 0.412723 4.079130 0.000000 0.000000 -1
1 -3.077600 4.835970 1.276860 0.000000 0.000000 -1
1 -0.433012 1.189210 -0.250000 0.000000 0.000000 -1
1 -3.395320 4.496250 1.460290 0.000000 0.000000 -1
1 -0.433012 1.689210 -0.250000 0.000000 0.000000 -1
1 0.137544 8.153300 -0.795589 0.000000 0.000000 -1
1 3.232940 4.496250 1.741540 0.000000 0.000000 -1
1 -0.187216 8.153300 -0.233089 0.000000 0.000000 -1
1 7.437930 0.000000 4.169290 0.000000 0.000000 -1
1 7.762690 0.000000 3.606790 0.000000 0.000000 -1
1 0.306147 8.566020 -0.323246 0.000000 0.000000 -1
1 7.931290 0.412723 4.079130 0.000000 0.000000 -1
1 3.077600 4.835970 1.276860 0.000000 0.000000 -1
1 0.433012 1.189210 -0.250000 0.000000 0.000000 -1
1 3.395320 4.496250 1.460290 0.000000 0.000000 -1
1 0.433012 1.689210 -0.250000 0.000000 0.000000 -1
22
-0.306183 -0.408312 0.859961
0.866028 -0.366862 0.339718
0.612373 0.221029 0.759043
0.774598 -0.631988 -0.024278
-0.866025 -0.339722 -0.366864
0.306184 0.888751 -0.341136
0.000000 0.038384 -0.999263
0.000000 0.000000 0.000000
0.897840 -0.408313 -0.164817
-0.138808 -0.366863 -0.919861
0.351163 0.221028 -0.909852
-0.408327 -0.631986 -0.658682
0.115295 -0.339718 0.933434
-0.448525 0.888750 -0.094596
-0.865387 0.038392 0.499631
-0.591655 -0.408312 -0.695144
-0.727218 -0.366862 0.580142
-0.963537 0.221029 0.150809
-0.366270 -0.631986 0.682964
0.750729 -0.339718 -0.566566
0.142342 0.888751 0.435730
0.865387 0.038392 0.499631
42
1 0 1 2 0 1 2 1
1 1 0 3 1 0 3 1
1 3 0 4 3 0 4 1
1 5 3 6 5 3 6 1
1 3 5 1 3 5 1 1
1 1 5 2 1 5 2 1
1 5 0 2 5 0 2 1
1 4 5 6 4 5 6 1
1 5 4 0 5 4 0 1
1 6 3 4 6 3 4 1
1 7 8 9 7 7 7 1
1 8 7 10 7 7 7 1
1 10 7 8 7 7 7 1
1 9 8 7 7 7 7 1
1 11 12 13 8 9 10 1
1 12 11 14 9 8 11 1
1 14 11 15 11 8 12 1
1 16 14 17 13 11 14 1
1 14 16 12 11 13 9 1
1 12 16 13 9 13 10 1
1 16 11 13 13 8 10 1
1 15 16 17 12 13 14 1
1 16 15 11 13 12 8 1
1 17 14 15 14 11 12 1
1 18 19 20 7 7 7 1
1 19 18 21 7 7 7 1
1 21 18 19 7 7 7 1
1 20 19 18 7 7 7 1
1 22 23 24 15 16 17 1
1 23 22 25 16 15 18 1
1 25 22 26 18 15 19 1
1 27 25 28 20 18 21 1
1 25 27 23 18 20 16 1
1 23 27 24 16 20 17 1
1 27 22 24 20 15 17 1
1 26 27 28 19 20 21 1
1 27 26 22 20 19 15 1
1 28 25 26 21 18 19 1
1 29 30 31 7 7 7 1
1 30 29 32 7 7 7 1
1 32 29 30 7 7 7 1
1 31 30 29 7 7 7 1

Materials: 1
"Material01"
0.200000 0.200000 0.200000 1.000000
0.800000 0.800000 0.800000 1.000000
0.000000 0.000000 0.000000 1.000000
0.000000 0.000000 0.000000 1.000000
0.000000
1.000000
"GRAY.png"
""

Bones: 0
GroupComments: 0
MaterialComments: 0
BoneComments: 0
ModelComment: 0
